2809412520
1997456916
3180251068
244700790
2747858499
2633131639
196032779
665408643
42935414
448880972
906110449
896382661
2889367655
1212117951
330719009
2847316743
3564186561
1778818734
892485124
2619536930
1997456916
2896870089
2789518022
2403750839
3158414768
1805196246
2512074231
936982093
3225722288
1084694434
2512074231
3084028323
3041307474
3328303257
3275038931
3155731655
3234663393
1009791580
2518125814
90218628
911697748
707101462
1603167333
2965728595
2608444488
2829883450
2608444488
393093828
1236930888
3082555137
414120888
53572997
3212084210
3072152583
3285660212
911697748
1637913040
809470449
3280046427
1514412554
398698822
3116401111
263486887
2853862868
2945978757
1029604480
2430309601
508609676
3104968579
3152345858
2297464774
277611915
1597300918
3000742308
2734363243
3270320985
773426015
1681672272
2242267093
1813596038
535537569
3050868341
2463119813
3255349624
1502959340
3120014589
866156123
2591623687
2403750839
3304158043
2215554688
342909675
289777948
2285072298
3057057677
1008303948
2284690337
3187086852
3197083500
1547098029
3202104519
1031236483
2452105038
1813596038
1590747284
2434273866
2452105038
260971340
35163804
243753929
2713950321
2622724273
1305032497
155342435
2314309891
330627758
1219383976
1337144972
3028312115
3242875774
2682368572
243761371
2458714164
3181164562
2623401609
694290181
1824018544
2561136739
2461147867
324695611
2843324556
1354217392
3133201705
2881252493
281337960
2666061352
2208626229
610163433
1070279674
2449568572
716843925
721591946
2530150479
2471266976
1420421878
357992115
450168465
171756423
2293633349
2654692103
247874226
895177338
499847217
3183340165
859414356
582211717
2280265880
2826627296
476702935
1189293486
275300734
261116641
919222872
1969403271
161562636
1150780244
171832854
2679768445
3211105965
1176714071
688216848
244774529
2438649895
3241240025
sIeptFK
117449245
2612046743
550652734
3375290745
3366062233
452641378
2837565763
1460293821
245545518
3443056581
440227463
1724368629
286187116
1463113990
243819513
1463113990
3413719745
428600785
3400358697
2700786480
1919481556
2740481064
3385182778
1471519924
2380040818
1639493597
244138780
1993527212
1018003222
1353793031
1928021622
1898267093
589688559
3319345523
3367401457
344989895
2255289530
3512779058
2578531818
2889684872
2578681961
209198556
210416681
393077194
1374248893
143709400
2883653188
3174375530
3149955363
303948844
3436582526
434902789
1676242457
2984571377
2851389164
439885047
